-1.364743629965732680e+03 -2.093285194767571738e+03
-1.040759972370339881e+02 -1.501857318869487585e+02
7.684183420948220711e-01 -4.979348477439324849e-01
-1.058173880192829763e-01 -2.345522221024614051e-01
-3.838080300244008072e+02 -6.294257679144690201e+02
-3.464941003944585418e+02 -4.514231783300779171e+02
3.113193761032662099e-01 -6.459168248406426116e-01
-4.008098786721121201e+02 -5.859690661554067219e+02
-4.020930819280958417e+02 -5.396533051373572789e+02
2.196262667956629944e-01 -2.632387656376582452e-01
-9.519355245970395174e+01 -1.326543343272691686e+02
4.940943023864641237e-01 4.196860788367422490e-01
-2.229458952794478588e-01 -2.549365404711689820e-02
-3.209414543792589711e+02 -4.394911308277754642e+02
-3.348462518695247923e+02 -3.780106404158518103e+02
-8.892378423824207623e-01 -1.086968268016474948e-01
-2.605651600779237924e+02 -3.305839097185098581e+02
-3.503592377021498692e+02 -4.069620034976135230e+02
5.080229392533739396e-01 5.688839931155862395e-01
-9.203240392451674801e-01 9.423046993804118365e-01
-4.909674003114699872e+02 -5.021092266438430443e+02
6.889095027556376749e+01 -6.136564632145074860e+00
-3.154148027133065852e+02 -2.689195969086956666e+02
-3.619168118989835037e-01 6.318590525956417903e-01
-4.247426623142345079e+02 -4.310462974217085730e+02
-1.175876850704232481e+02 -3.079825999491565653e+02
6.890694191472721286e+01 -3.602816698047865884e+02
-3.950510137214835282e+01 -3.263893117965706097e+02
-3.311001403162482006e+02 -3.905738689656514566e+02
-2.942342344797127112e+02 -3.197942471417856041e+02
6.104586609487270721e+01 -4.755960064855348719e+02
-1.145943908302008083e+02 -5.241257254091693767e+02
-3.896295802854708654e+02 -4.598705506910794156e+02
8.877952406466387281e-01 -2.367844150593663155e-01
-3.470921440095182220e+02 -3.527162018914266923e+02
-3.847143691260318406e+02 -4.952458835269365522e+02
-2.838566274765218509e+02 -4.076388975820867699e+02
-3.261537249631314808e+02 -2.758910886453977582e+02
-1.966851281906283475e+02 -2.175222113849602010e+02
6.062593459324687739e-01 -3.108757493010732009e-01
-3.865053769883131736e+02 -3.260503369844983013e+02
-3.910267477428893699e+02 -2.899653023849502347e+02
6.876651594206904861e+01 -2.698513607529962428e+02
-4.114796265794559531e+02 -2.769570820736059318e+02
-3.376436117247075117e+02 -3.958192318448336096e+02
6.507930581044727436e-01 -8.749160098291741683e-01
6.534767247243959787e+01 -2.955161387763843095e+02
-8.848719880385739600e+01 -8.468818926380401990e+01
-9.952633156995643731e+02 -8.742482006089788911e+02
-4.845967596645798494e+02 -5.160111166150386453e+02
-5.803976865922563775e+02 -7.980968610876803950e+02
7.051886982531643255e-01 3.649579106878504398e-01
-3.022315873608989705e+02 -2.662755845499164025e+02
-2.301089948171489539e+02 -1.747690703385401605e+02
-6.012163914694638152e+02 -8.742482006089788911e+02
-5.914695310611150489e+02 -3.180550502746654047e+02
-9.337285558266233920e+02 -3.508457623145706066e+02
-9.788737282068817649e+02 -1.077974612414499916e+03
-4.926246985165525984e+02 -3.394759648952625639e+02
-3.130546100512258931e+02 -3.540647827415244819e+02
-7.492476032456053190e+02 -4.390060393365480262e-01
-3.945393560989245998e+02 -5.883546564219914217e+02
-3.722292967149826950e+02 -9.146034593916607491e+02
-5.781324796543743787e+02 -1.111313010282542109e+03
-6.318635601168324456e+02 -3.049300408887294225e+02
-4.323795707533795962e+02 -2.407372679193598231e+02
-6.882153989623125412e-01 -3.660273671112921345e-01
-4.036249076429971865e+02 -3.289430660785502596e+02
-3.908517981977557838e+02 -3.328525735702669408e+02
-8.186821689076277835e+02 -9.612896526030039013e+02
-6.329452478065010155e+02 -9.597571443543668011e+02
-4.325466382424952485e+02 -9.470354392466795161e+02
-3.970237574456240992e+01 -3.970522589939539415e+01
-7.425414961913942307e+02 -7.423576010654613810e+02
-4.730113496131453985e+02 -4.825507468314796711e+02
-4.269988206913895024e-01 -9.596547232286603002e-01
-6.129718497615028809e+02 -5.598712134369238811e+02
-5.926440008667700567e+02 -5.911614886642862530e+02
1.324963226190234433e-01 -1.490281196362528426e-01
-3.687380342553654344e+01 -2.177431895041530563e-01
-2.108230182180611507e+02 -2.451309813394650234e+02
-6.068134073624680269e-01 -2.510682417151526025e+01
4.483790317165115002e-01 -9.039969948189225946e-01
6.277129641783514291e-01 -2.125241540186746381e-01
-6.215726650833892108e+02 -4.263204352707695648e+02
7.308934894975350005e+01 5.763538209395726142e+00
7.319175575596074168e+01 2.502272784196608768e+01
3.770824054070718301e-01 4.797473728064427512e-01
1.933428181729146544e-03 -3.595087365262312762e-01
7.183458845516089752e+01 -1.035997492076810715e+02
7.127727886110169209e+01 -5.445915933600225856e+00
-1.881819799755326699e+02 -5.887900100103715886e+02
-5.749943226682754585e+02 -7.065639151642792513e+02
-1.036644135860796752e+02 -9.113130102825422227e+02
4.988845472731144781e+01 2.980234068836795647e-01
-7.362840530402593231e+01 -1.506790594416482918e+02
-4.729487111654988496e+01 -1.907900100103716454e+02
-3.887900100103716454e+02 -1.538818875269305408e+02
-1.967347880950268006e+02 -7.181566566043112516e+02
7.404392310985419101e+01 -9.104762480071105983e+02
-8.074952734565474088e+01 -6.249137934078916032e+02
7.624376611537414306e+01 3.118002362076801148e+01
-9.762799674036365616e+01 6.465842310861248166e+01
-1.945393560989246282e+02 -3.659306692498068969e+02
-3.849462244796669665e+02 -2.041219326046767435e+02
7.599781292407527644e+01 2.697058579057129890e+01
-4.353899521044692023e+00 6.998856832333297007e+01
-9.354676257187892929e+01 -5.654342465292597808e+02
-5.706238835655927932e-01 -1.746586096245479336e-01
-1.307556642901024357e-01 -3.947494140866147916e-03
6.251826537813693108e+01 -5.217287623748902092e+01
-1.172415801316713413e+02 -1.247021159610124386e+02
-4.810345588782283244e-02 6.412182952086218357e-01
-3.906434573096015939e-01 -1.548171134226183909e-02
-3.787780193337768608e-01 2.884255667178259319e-01
-3.257924016477480311e-01 -9.545563657252886802e-01
3.118587024109218397e-01 6.124722670944355851e-01
-7.431132446090515931e-01 -3.436075561840081782e-01
-8.169314591792062874e-01 -3.394544350385781950e-01
9.309907653032749586e-01 2.426226374813360565e-01
-1.120950048196853146e+02 -4.676507313007374478e+01
-8.935428376575271159e+01 -4.480430609672734654e+00
1.453896569877397571e-01 8.795519106439142476e-02
-6.830997297601644203e-01 6.282456821610693520e-01
6.195497712043098737e-01 -3.759077266565391540e-02
2.076350662619359522e-01 -4.242294450124419747e-01
6.337556667689577949e+01 -1.685754779455595553e+02
-4.211128495504479474e+02 7.257682877907555508e+01
6.537775650679651562e+01 -3.671085601748103500e+01
6.279416064963729838e-01 -8.318448460418823576e-01
-7.535018068832874949e-01 -8.235781706968974270e-01
-6.425187805433885124e-01 1.059243269883785254e+00
-2.255470832808209138e+02 1.095045343378980629e+00
-8.403500210871543974e-01 2.821060009184251260e+00
3.161208540235777420e+01 -2.192697411898593600e+02
7.496576787472969272e+01 -4.198042856706842940e+02
-1.842277477133291654e+02 1.230280228093596051e+01
8.046500690031626490e+00 -5.768985080013211419e-01
8.798221193753152924e-02 1.248143466370825738e-01
3.249822779077949697e+00 -1.760244554182574177e+02
3.530893719542590681e+00 -9.669963207157614704e+01
-6.113554223291232574e+02 -8.824835096513427288e+02
7.983342803405885491e+01 -1.396982167936196788e+02
5.828246005614457914e+01 -1.911284442762919014e+02
-1.764923101234655292e+02 -2.283068485150324705e+02
5.548246809102375465e+01 -1.040879732295562690e+02
-7.816042094080373204e-01 2.345465146367375908e-01
3.206405565998604601e-04 3.233612140353625541e-01
-1.512349126302456739e+02 -2.167578040502519343e+02
7.492404990195679204e+01 4.587439684510152915e+01
4.759142496186206728e+01 7.273601958250378630e+01
-3.333753728963765184e+01 -4.150774037043407816e+01
-6.095529157348147375e-01 8.382920708124943499e-01
-9.730366312894915382e+01 6.676350341476864969e+01
7.029760624112000755e+01 1.841454356405861148e+01
-4.091835843019456576e+01 -1.042966023022533335e+02
5.434111858903301062e-01 8.949766356861057481e-01
-6.870068595126141986e-01 8.234378405361193476e-01
6.595808855099583035e-02 5.519096707217536757e-01
-5.425966246316065167e+01 -5.201858816996879398e+01
-2.785436179513814068e+02 -7.588809692787938843e+01
-8.648472953893775639e+01 4.402410621756452258e+00
-1.035553776097009049e-01 7.841972647399519936e-02
-2.405885161391863036e-01 7.904049736537028803e-01
-2.583547833740025794e+02 -8.079030299384196212e+01
5.285725178341031949e+01 7.621575744810795072e+01
-9.718195995792154918e+01 6.780893480074657020e+01
-2.700152524550135169e+01 -2.787308862669582510e+01
-7.073553995598196309e-01 1.043645911530550752e-01
4.610052293898124276e+01 7.480638019583142295e+01
-2.735692085629463577e+01 6.926756494455266022e+01
-1.580976138216808522e+02 -9.322256932494606474e+01
9.891708910666130450e-02 6.939501790100675027e-01
-9.585265703252123792e-01 8.327656194204899887e-01
-1.316561688322333623e+01 -6.366947427242731550e+00
-1.185970192060496089e+02 -1.529736637475163548e+02
9.420425756154171548e-01 -4.590794809150260392e-01
5.551436932153788195e-01 -8.907584295889359183e-02
-1.106346645963003361e-01 5.757736460252707023e-01
2.905745817238774009e-01 6.943241200510961164e-01
-3.045538277419634898e-01 9.891200310414192121e-01
-6.746149599166337829e-01 -1.200939893509356260e-02
6.578286753517963437e-01 -9.388997936715197667e-01
3.967362759346311218e-01 4.130662977654457890e-01
-5.186101082886076519e-01 4.911385981775664433e-01
-3.599874622182805961e-01 -6.563080253304942602e-02
-1.505302227046165786e-01 -3.292390700424949745e-01
-9.076101226755535212e-01 1.841033399093394696e-01
3.703691516981000298e-01 3.838454180773371860e-01
1.421869030555020785e-01 4.002296199460246839e-01
-7.661105705969499802e-01 -3.439848411591845956e-01
9.654624796658657360e-01 -4.861537215757141261e-01
-2.704099431490414318e-03 -1.610672061819022893e-01
-3.003710171334919021e-01 1.139784526717424473e-01
-2.998460934528646149e-01 -1.044251130248396997e-02
-4.189940535604392835e-01 1.634413097672084980e-01
-5.744275295107894586e-01 -2.100257200328223828e-01
-7.723692511073390055e-01 -7.564124348339640314e-02
4.885652528831432306e-01 7.913662227025275442e-02
2.808625292012223440e-01 -1.205372694540640666e-01
-3.046237746610436226e-02 -9.412068442131160673e-01
-4.971931136997573830e-01 8.448229657084340705e-01
8.849573170928377586e-01 -8.440352606266428026e-01
6.983191929839098755e-01 2.739383040692207061e-01
-9.690246127983006552e-01 6.786076802579548151e-01
9.869144018380868744e-01 -5.612800929305408193e-01
-5.413438041258757938e-01 7.274897243352529408e-01
5.010651769475720219e-01 -4.046618574714000438e-02
-1.884400407973607514e+02 -1.585759655453832693e+02
-7.824414826281869750e+01 6.361945872112563904e+01
-7.462016239208637547e-01 -5.776460879358766842e-01
4.757494299841058538e-01 3.838119004488791397e-01
-5.742903407528303639e-01 -4.207080430709946306e-01
-8.144521400801822608e+01 7.467384535262209511e+01
-1.424513291805110384e+02 6.531483504430994458e+01
-2.584976025409568834e-02 -9.328064675459978972e+00
-6.709743763481830214e-01 -3.207744184412237853e-01
-5.014854222401816664e-01 5.415025431463589278e-01
-5.661297243639389354e-01 5.634664081721065543e+01
-7.291651222553284128e+01 -7.256133973677837901e+01
6.355159665336973518e-02 -5.019937768307889403e-01
8.053685437739912523e-01 9.679482912553609708e-01
2.198717919207004989e-02 -7.348340632865264510e-01
-8.785609352291163798e-01 -6.905118708450115328e-01
-2.647006271929051309e+02 -1.596359937647041534e+02
-2.546373613307060850e+02 5.391622290553424790e+01
-1.677696064230412389e+02 -1.455478578990093865e+02
4.774806031067535539e-01 -7.338626265198202603e-01
-2.801896461888166989e-01 -1.703460189436405514e+01
-1.690385377623739771e+02 7.435538774083885016e+01
-2.240715352118797341e+02 4.404639926225431878e+01
-1.888318558543757604e+02 -9.618481107773733640e+01
-8.448425978620168753e-01 5.638952524298601610e-01
3.412872158206021744e-01 9.205533130404053299e-01
-5.413575511052495415e+01 5.839614309182120877e+01
-2.195541924840673573e+02 -2.031713392262627735e+02
-7.124022694548539647e-01 -3.681913294575511753e-01
9.581832916903716413e-01 -1.043159846748704656e-01
-7.637697744875440176e-01 -8.238863494283075184e-01
-7.224689089069697978e-01 4.665595612688355764e-01
3.898754178596512965e-01 -4.313704295639326780e-01
5.110371233644712685e-01 4.834137744904687395e-01
1.182329340769747716e-01 5.877057736685240563e-01
-7.057717959667131336e-01 -9.486555024881826448e-02
9.708318581550219317e-01 1.879611567966072982e-01
2.066817461046923654e-01 -1.669913832907976570e-02
3.736170136691605581e-01 5.849699357501390029e-01
-8.116724741559029344e-01 3.896738786329101423e-01
-6.396131785150525051e-01 -2.936977596344019226e-01
-3.080087071738593085e-01 2.703620172902911900e-01
1.301714572880974252e-01 8.702417467681098362e-01
4.857318897508033917e-01 -8.519282920488591149e-01
9.216406227381581662e-01 1.523247242528313894e-01
7.454432243602617802e-01 -9.728492856989461313e-01
4.020518268936783546e-01 -9.461859487430761551e-01
8.061860870160875159e-01 6.464256255011475716e-01
4.431541149993867279e-02 6.286586732626582297e-01
3.490881952988189596e-03 -1.120031212954566424e-01
-2.345222986591307972e+02 -5.126196611554303217e+02
-3.824438759410825242e+02 -4.125566716081718255e+02
-9.799485970504667876e+01 -2.592052800338384699e-01
-8.999978000937363110e-01 -7.712534685252496747e-01
4.789157305770355144e-01 3.776260818591337109e-01
-8.351246077601033324e-01 -2.429102856552036727e-01
-8.114205853479893449e+02 -8.043063794945094287e+02
-6.316754268986271654e+02 -7.445026176600538292e+02
-9.353354524682661122e+02 -8.037458687052744608e+02
-8.111288817700599907e+01 -5.896403548109319672e+02
3.124995810659334339e+01 7.376805793924139376e-01
1.442625343683008321e-01 -3.239071792501622138e-01
-5.718500347716018268e+02 -7.017137778545987636e-01
-6.718609283736320776e+02 -3.839780229495027584e+02
-2.657031112774834583e+02 -5.600301185284255325e+02
-6.926767701870969063e+01 -7.003547785850889795e+02
3.441402507568173519e+01 -4.892836743726418831e+02
-5.098922916588724874e+00 -1.953213832368031149e+02
-9.908018221130159287e-01 4.781136207378959835e-01
-2.830340057452154223e-01 -1.885492432909699119e+02
-9.918544225347118992e-01 -6.441860329488464654e-01
-5.602361851580657230e+02 -9.699895480838423509e+02
-7.796861623430426107e+02 -9.596585304167590493e+02
-4.646416139868150026e+02 -5.645220622979726386e+02
5.660386035418887296e-01 1.023490239682107728e-01
-9.486370682257245779e-01 2.141583883551549938e-01
4.022576007219336169e-01 -3.965510509594702970e-01
-5.029394597925016530e-01 3.997959307995556655e-01
-4.034127144078367699e-01 1.984594102666663584e-01
-3.913150353990365602e+02 -7.378576753537654440e+02
-8.211127934547539642e-01 -2.070103870806814239e-01
2.062390001749796475e-01 9.803103390332346123e-01
-7.976902668173744271e-01 -1.967649787051979349e-01
-4.805665578424780371e-01 -7.697772583646627087e-01
6.727045446080914815e-01 1.387602541399659550e-01
-1.085659617928409482e-01 -7.457397569822243888e-02
-1.510154433252407387e+02 -3.629513932912474843e+02
-1.842739245683164881e+02 -1.182539279067757043e+01
-7.424354728394064740e-01 3.975536572547932579e+00
6.573777130106612798e-01 4.539896430755980816e-01
-8.871487529523112148e-01 8.069212346730774144e-01
2.496541950949640043e-01 -9.444815578704008896e-01
-1.971449219320840314e+02 -5.447351272131492124e+02
-1.871126422797175692e+01 -5.810353121601381190e+02
-5.975172473777473670e+02 6.100192413497660837e+00
5.023622491948386681e+01 -2.960728289861308440e+02
3.500384884218400572e+01 -9.313751448766298680e-01
-6.536320033744664748e-01 -1.198695101335038871e-01
-2.707758771391191317e+02 3.462500480215682241e+00
-4.718609283736321345e+02 -1.866388552327809691e+02
1.047749284479610310e+01 -2.148194112126705306e+02
9.636510462543338917e+01 -1.462613190259886551e+02
2.536292581081389130e+01 -2.892836743726418831e+02
-2.755246695719222316e+02 -1.231170440005849827e+02
-2.412956849765699463e-01 6.119122215656480179e+00
1.781509137439946766e+00 -3.127694413306363330e-01
5.959931600278044783e+01 -7.073403906047266219e+02
9.267005335398538080e+01 -4.473146787345000348e+02
-1.460741442535413270e+01 -4.588822191344224279e+02
-4.895549864278066110e+01 -3.861393849361242587e+02
2.048236165780090712e-01 -1.354851537713606113e-01
-4.108208764234682064e-01 5.053081748504562043e-01
-2.537245389096693948e-01 -7.699895480838423509e+02
-5.699553753692278235e+01 8.485266729506597017e+01
-4.598581607947050998e+01 -3.844393827943529800e+02
-3.614851747785365319e+02 -5.250667910037999491e+02
-5.164939408816509037e-01 4.127319788915118082e-03
-3.946810560494820042e-01 7.198165284117441498e-01
-4.935565335547491550e-01 -8.328446202057615544e-01
-7.596754899446340747e-01 9.406196374951780736e-01
-6.169009949868231590e-01 3.235667131821482467e-01
-8.957151949421839898e-01 -7.470663211896177991e-01
-1.051624207930742898e+02 -2.586328946771774895e+02
-4.759192287195090643e+01 -2.754798612655161705e+01
9.192901991038097265e+01 -2.574027152194637935e+01
-3.904932422987268392e-01 9.624092118523195349e-01
-7.487879459754138711e-01 -1.677673870018576707e-01
-4.925690663870507802e-01 3.799531143742020944e-01
7.866358270160753285e+00 -5.643117287303487046e+02
6.324636519519305011e+01 -4.142954037056983339e+02
8.292663737844651450e+01 -2.770687572615216823e+02
-2.013517670446518526e-01 -8.122979828403931180e-01
-6.326297969909255858e-01 -2.143929054170325976e-01
-3.811474486049335475e-01 6.830848519726566703e-01
1.224407627591866721e+00 -5.152305812141167962e+02
2.756485471838530188e+01 -3.834711098577714665e+02
9.025312923220114669e+01 5.278172007171815494e+01
9.640488436441634690e+01 -2.656624429121841331e+02
-1.399174841965756855e+02 -2.574813928049247238e+02
-2.389142403890221260e+02 -2.191798403849298040e+02
3.549432256455465051e+01 -4.740579612096476048e-01
1.647509532586373115e-01 4.878589185971915043e+01
5.925194189031984138e+01 -3.893683028521531355e+02
9.447708170640832748e+01 -1.170435683002348100e+02
4.863203118757552090e+01 -5.635504620917245120e+02
-1.510850507989352991e+02 -5.041985287854791977e+02
7.413662473056374935e-01 3.242678453116305537e-01
3.407639239333388748e-01 1.546165982814529549e+00
7.173811520864874502e+00 -9.173212360691205447e+01
3.094645313863955494e+01 -2.840059148331336587e+02
-2.235712635980670484e+02 -4.611339510783726610e+02
-4.675533204971837620e+01 -1.882171598335289673e+02
4.154673914674917867e-01 -1.719007558119474144e-01
6.859223301676116158e-01 9.168386227477181016e-01
-9.285464937724243750e-01 -5.509541007116369737e-01
5.111498235247489141e-01 -1.441638643389664409e-01
8.767254117552343295e-01 1.900398085730854447e-01
9.884558466876838256e-01 -6.063216051995881095e-01
-6.559505614202882917e-01 -5.113085527196172819e-01
3.485581411887181957e-01 4.411551757921743366e-01
4.478109074962026703e-01 5.849475632217189247e-01
-3.737899991371103070e-01 -9.208021785896092215e-01
4.878803476838169395e-01 6.809937808458663699e-01
3.468465487536231961e-02 1.450626566386681304e-02
-1.723253701162542768e+02 -3.274772976561112614e+02
5.218664139630841525e+00 9.696871131473772110e+00
-9.741409920195267524e-01 6.480661419089872588e-02
1.962159330434469773e-01 -8.488958598501723518e-01
7.097837966921787256e-01 6.671470900432741047e-01
1.245764493016123797e-01 -5.154296291725470880e-01
-3.579137546485512189e+01 -2.118697746238117077e+02
4.660055151417171082e+00 -1.707408041173257232e+02
6.896062125416014510e+01 -3.219905224871334326e+02
-1.621171718174312382e-01 9.999948472398251909e+01
6.816991863155645870e-01 -8.277588679682639228e-01
5.285027398328614456e-01 4.162898097734173408e-01
3.882600560893544106e+00 -6.095817395420581875e-01
4.508846664617482958e-03 4.278900524945987272e+00
8.880107742306996954e+01 -6.986697476026570541e+01
7.317165527975870987e+01 -1.575981225518648046e+02
2.681921630509669185e+01 -1.003945181710066663e+02
7.230224835072620593e-01 8.218671781105726382e-01
-5.614603813643157526e-01 1.680572456495710298e-01
2.496974730960948019e-01 5.638659192772528250e-01
-9.886446613655781590e-01 3.795510140212321026e+00
2.772308279705424816e+00 2.136551050877968549e+01
-3.021347132923217487e+02 -2.989151253802990027e+02
3.460493017935692972e-01 -7.132605940213461171e-01
-2.710137529971210490e-01 -3.541593651409058463e-01
-5.430837555191259103e-01 5.010673277841528606e-01
-8.827144763964511753e-03 7.102061199974332162e-01
2.417500938261736287e-01 -2.688621654673499783e-01
7.256310661096216919e-01 5.060995487385548941e-01
5.440530652177766324e-01 4.063667655080291929e-01
-8.964944186440826357e-01 -5.707741256363192406e-01
-1.501072425204297289e-01 1.799348653442869317e-01
-7.999160630928778826e-01 1.085245212867014253e-02
7.675009763534654805e-01 -2.778818924087742559e-01
3.525479311581798392e-01 8.819074283094476829e-01
9.677891227507036120e-01 -9.866674846325942383e-01
3.368272974961077360e-01 -5.578619916435569870e-01
3.846052150486940491e-01 -1.692941365648585883e-01
2.655242650716163055e-01 -2.834035455691006344e-01
-2.374646217504365886e-01 -7.657963422871605363e-01
-5.680931246975358118e-01 8.330883891120492990e-01
-1.035887533495238877e-01 4.573163076934263493e-01
-8.292550325704277636e-01 -4.786742825270451362e-01
-5.839988124569999162e-01 9.286522475819427580e-01
-2.058062351446987570e-02 -9.243958293389744618e-01
-3.842374306100866388e-01 -5.888509078258841178e-02
7.616888755235999842e-01 1.959510002225561820e-01
4.855020469534179206e-01 -8.947120787870468384e-01
8.298863994884264628e-02 -4.651802967465277217e-01
6.657482573795781011e-01 -7.921501261371881597e-01
4.161278584005694281e-01 8.471474049420919528e-01
-6.499826561360853017e-01 9.789711459596688314e-01
-8.871022058921964604e-01 -3.054474151436445961e-01
2.612831096090597605e-01 -2.743251124902781335e-01
-1.675946951960634035e-01 5.560538057606478901e-01
-5.910734582146608407e-01 1.697074276217658273e-01
-2.880979773195853078e-01 7.161718172443942709e-01
2.481227031835666619e-01 -6.039794214914642190e-01
5.412320804648296235e-01 -5.638119607247560339e-02
-3.967283345321015453e-01 9.793214468783164595e-01
4.057829536641577306e-01 8.180657822297758841e-01
9.560888948778647478e-01 6.822084095095801715e-01
-3.267466588752185874e-01 8.617225531595000820e-01
-1.119268275682565594e-01 -4.963545143280940763e-01
-7.335865661865657028e-01 -6.790061184404900807e-01
-3.366191285163815383e-01 -1.935126377615989934e-01
-8.788441780366758049e-01 2.307920644543526301e-02
-1.657909600287077456e-01 -8.590960615312883686e-01
-8.207199164448233386e-01 -2.849069303195459479e-01
2.080584623727157467e-01 7.599769436034620185e-02
-6.223927287801305219e-01 -7.739484077185452282e-01
-6.690700843612324977e-01 7.776787040275843221e-01
1.059390191344511400e-02 1.000583916390871408e-01
-7.256720599297432628e-01 -6.742711140143229365e-01
7.055869745094878187e-01 -3.669819160920979595e-01
-3.684077680917807740e-01 7.010322870278811180e-01
-4.765417785005972018e-01 6.927007959479001276e-01
6.547946092070691115e-01 -9.072028960441684831e-01
-8.781280633362005261e-01 8.121242159481218970e-01
8.169204509355527666e-01 7.467769649076339000e-01
1.271068318508650208e-02 -6.053874867347759370e-01
-6.547242270583859547e-01 4.189933968574137690e-01
9.041601847455948970e-01 9.511240195794417041e-01
5.011783737126629390e-02 3.609750208094899548e-01
-9.100060049230023207e-01 1.792279195365611422e-01
-7.795294796645535484e-02 -6.121569168129616934e-01
-7.112997385115171767e-02 -9.616942547073386027e-01
-2.959594475887590281e-01 -3.210408166815619246e-01
-6.003165082738646241e-01 -3.810393143020571749e-01
-5.906768880015547118e-01 -7.211977870019783410e-01
7.798749778475972949e-01 8.343369125249098239e-01
8.444963412454977725e-01 1.587554995471773811e-01
-9.852278778222518518e-01 2.771160872626137195e-01
-8.753609977663201480e-01 7.212097483649664298e-01
-8.431747916645402352e-01 -9.264268013024059556e-01
-3.507445206596426779e-02 -5.425645717711768956e-01
-2.917825087380116997e+02 -3.818249272458768928e+02
-5.882481763205884562e-01 1.692588700553607550e+00
8.107174788791682296e-01 -1.790851553905623561e-01
-2.948751977810459834e-02 -1.519365204178093620e-01
-5.005413162688545636e-01 -4.997141658494463901e-01
-6.377538231058275109e-01 -3.361104384168562831e-01
-4.829613250681750287e+02 -4.206066518666558522e+02
5.465221704749927412e+00 -4.894743093439416270e+02
9.423203538114691469e+01 -3.081956390989846568e+02
-1.018514829534951787e+02 -2.887819438103438188e+02
-3.499233307343361243e-01 -2.102887547767022802e-01
6.303412111680435359e-01 -9.057145318083685837e-01
-6.154005853479893631e+02 -6.906820501456884358e+02
-2.444705916729183457e+02 -4.556491827903456056e+02
7.432770163842928923e+01 -4.835626997931141204e+02
-6.219236690990399552e+01 -5.483281413184331541e+02
1.965970822240673499e+01 -3.837991869119517787e+02
-1.796311362668407412e+02 -1.939567884120514520e+02
-8.420756780799385499e-01 1.595311232350993258e-02
-8.497501657927757357e-01 1.389540375746267209e+00
5.506533419498449433e+01 -1.328843133204675269e+02
-1.311045077525802469e+02 -6.213244097646626187e+02
-1.151211541064361086e+02 -1.890600324578661571e+02
-1.213089918528958293e+02 -3.810198061380910417e+02
4.193871406346421082e-01 3.678738996671560013e-01
3.089664058362007193e-01 -3.434713855107509595e-01
-6.927697546751843127e-02 3.052918920364706690e-01
-4.513410392526121768e+02 -8.703882391451047695e-01
4.249384976228460786e+00 -3.792360675236876091e+02
-3.773796957757451196e+02 -5.547277793669003358e+02
5.422490137454016867e-02 -3.605476962638423100e-01
-5.684609195149155081e-01 7.631791353957346757e-01
4.195358760459719782e-01 7.365332538752202840e-01
1.180890386860902197e-01 2.844335327136831015e-01
-1.606163106542211061e-01 9.755037788627045625e-01
3.232871137142567797e-02 -1.913514462824755640e+02
-1.958255944095962775e+02 -3.749900744918637656e+02
-3.077566152997279758e-02 -9.387761307048685389e-01
9.089548733692325300e-01 3.925206479973475382e-02
9.713522998346419968e-01 1.103290442601725374e-01
-3.939880549572685187e-01 6.224994142674928899e-01
9.588492794948586528e-01 -5.326097078755516190e-01
5.442084731505021722e+01 -6.184190048500902321e+02
2.497140406629727849e+01 -4.563249822722403906e+02
8.194001129590768073e+01 -2.626173005250628876e+02
-1.803657138542361649e+00 -2.945258462923906677e+02
-6.426616297609164530e-01 -8.189077974031468976e-01
-5.289176367499157649e-01 -2.172958218425451449e-01
1.402951462535119909e+01 -4.847752296442315014e+02
2.739579702742240386e+01 -3.857300112905620608e+02
9.617012864357674573e+01 6.928189118077025910e+01
9.690902411178345233e+01 6.725387525739476757e+01
-2.268700282530774643e+02 1.123183627436945642e+01
9.659775062775867838e+00 -3.044106115034941329e-01
2.693288557827494856e+01 -1.756865394862863070e+02
-2.342147882807123267e+02 -1.495741136095199408e+02
9.587791583398652051e+01 8.231094032572684682e+01
9.630083760098494849e+01 8.694163843228747623e+01
3.841663387684739206e+01 -6.921612542649169697e+00
1.064519697265498621e+01 -5.203354561324658789e+02
-9.167972082737581019e-01 1.358165315090864578e-01
4.785811179576953123e-01 4.348530374158874778e+00
7.848140904635238257e+01 -6.375920376191794858e-01
9.443762042916645782e+01 -1.197957552583327328e+02
4.120761197629173722e+01 -1.720193186931435889e+02
-3.652217006881444945e+02 -5.878359862183840079e+01
3.562149311780899996e-01 3.518792012949929493e-01
-6.134099805444488407e-01 2.591882950814561326e-02
2.668428572131158472e-01 1.224331711282127255e-01
2.189002541778672928e-02 -3.156357841722376989e-01
-6.885697128056160743e-01 1.092760284989821962e+01
-1.891031611870610050e+02 -6.387995189442401056e+01
-8.726866237008221727e-01 9.620673205900683200e+00
-8.705243002268474584e-01 -6.333824401829073469e-01
8.744193584237343053e-01 1.473217064251854946e-01
-5.411674831540262964e-01 -2.391540820902142706e-01
2.160139409695942536e-01 -8.126432145987469990e-01
-6.280558122235802010e-02 4.369772772608688793e-01
-4.780000941767651739e+02 2.031511454756764223e+01
3.028655349554744092e+01 -3.623462824994030029e+02
-1.946657290135066205e+02 8.920469524070992406e+01
1.003324420096016745e+01 -2.642082712038540038e+01
-6.670227974947375849e-01 5.939039298154802360e-02
9.741381627478713501e-01 6.918428918393670912e-03
-3.089995831786972502e+01 -3.400052194554859852e+02
2.208071871002993447e+01 -1.526503590685092782e+01
9.748144650111274245e+01 8.012105939721585912e+01
-3.156442978344383050e+02 9.434729619555139379e+01
5.537735740768113146e+01 -9.568597719670710600e-01
-1.542928153624585352e-01 4.738111956052387796e+01
1.740276105836114340e+01 -3.687345125661622660e+02
7.197629760738027471e+01 7.220887157119966560e+01
9.742078745948991525e+01 7.502558522236249416e+01
7.739856260363492879e+01 9.551132244544669447e+01
-4.675702665959441902e+02 2.512749201947931610e+01
-3.357300279594538210e+02 -4.755186138123406892e+01
-2.498628548878387790e+01 1.028241830995868078e+01
6.746504326356063075e+01 -4.854596455680180167e-01
-6.597799959222446375e+01 5.508233638063946103e+01
-1.574334140183903585e+01 9.375615302817639929e+01
-3.732208989927138418e+02 -4.191774863866491074e+01
-4.320534311390723019e+02 -2.279289464930978397e+02
5.545855474846050903e-01 -8.771277216760855477e-01
-7.679293758375997925e-01 2.443056494157007652e-01
2.234990517060106985e-01 8.366268763918141005e-01
-1.120206867570026077e-01 2.946241449428332881e-01
6.158219885496501433e+01 -2.897263610651492627e+02
-3.177612954828378520e+02 -7.666864396333595266e+01
1.939784709884440073e-01 -9.908641846412591381e-01
1.746838991460397672e-01 -4.122243014154383101e-01
2.805955473253820553e-01 6.214451337355233473e-01
4.337764208122345533e-01 -7.829630296599188188e-01
-1.654694837162962173e-03 2.555779635301020924e-01
7.652690388318248438e-01 6.218010122034078879e-01
-1.942920876029780004e+02 -1.906724105221029504e+02
2.331037583677075808e-02 1.257054048864597595e+00
3.824989570098324965e-01 4.431899263856982074e-01
3.645145317092250981e-01 -6.738791745947825262e-03
9.164976897066126060e-01 -5.482168112852092712e-01
7.246793054506648346e-01 8.282939280270729121e-02
-1.492379648460991746e+02 9.630656398832236675e+00
-1.365915051733979535e+00 -8.607501472237207452e+01
-8.287227365244222987e-01 -2.619070759626658287e+02
-7.093697624602863794e-01 9.879520514115054386e-01
4.568239457436966688e-01 5.055271641750771483e-01
7.385640467066516557e-01 -5.360035572159445039e-01
-3.524582828832517976e+02 -1.110356909236119094e+01
-9.619091537139124171e+01 1.608879290688439312e+01
1.088977413313594234e+01 7.224286866541548591e+01
-4.922540753190247642e+02 -5.225024859062934013e+01
6.395829834793209656e-02 9.136800570858261139e-01
5.029985952358921875e-01 -5.626935086890003657e-01
-1.858975232257102661e+01 9.149256599149735436e-01
-1.139998068599165890e+02 6.544679189751960280e+01
-2.333961262069157954e+02 8.835089464719271746e+01
-1.632935124492857142e+02 -1.225770566600319995e+02
-1.629997688748854046e+02 3.564476865943759520e+01
2.624827432889815881e+01 -3.509759505700973392e-01
-2.514727088436961022e-01 -1.721033702414820343e-01
4.317741941049181520e+01 -6.499234940782154801e-01
-6.970692341284512317e-02 -1.924391260144235893e-01
-9.108431591173081188e+01 -1.873114268189217668e-01
-2.340573266312742646e+02 4.235126974086447404e+01
-3.805156629024590416e+02 -1.967657718122788708e+02
9.231957612462555751e-01 -1.754833542556117898e-01
1.877791376900339593e-02 5.155628225181811963e-01
9.308298220982447191e-03 2.819821278371184015e-01
7.864571305396816925e-02 -6.510117603797507257e-01
9.784598757296047999e-01 -8.303502858747320303e-01
9.602705501422112988e-01 -3.796743899212864370e-01
-8.321310848443244090e-01 1.028778031529751225e-01
5.956628712107567836e-01 6.192889337611153788e-01
-7.775508383023796988e-01 3.339562907166588879e-01
5.419099260677651131e-01 -5.159365999674419001e-01
-4.567287363465739602e-01 -2.900056703233540034e-01
2.055540203193244597e-01 5.742453604821791124e-01
-4.019410919315795638e-01 9.023809994217204533e-01
6.963139716259247880e-01 -8.932731990242248621e-01
-7.720170105168355779e-01 -6.730805436577440570e-01
8.010484621583471299e-01 9.939330461751043622e-01
-5.789186273216906375e-01 7.710902698651675991e-01
-6.693099003140656755e-02 -5.142256314284208152e-01
8.547888111094996688e-01 -6.936082099225717723e-01
5.736868104150865122e-01 8.396276094950492208e-01
-6.267278761146959365e-01 -8.241959592826795244e-01
5.654475437426431661e-01 7.315262612980593104e-01
-3.862211963303494588e-01 -1.293076305923634983e-02
3.265675725746035596e-01 1.494224243201460745e-01
-3.562207029645096945e-01 3.449871813421347966e-01
-9.950863790540622755e-01 7.745675907372471247e-01
-3.981689373975347834e-01 1.405138840697870428e-01
-5.606677627210090442e-01 -7.653186653267987083e-01
3.127496316602564885e-01 6.925740123351713518e-01
5.212683366061634516e-01 -4.155933514366789705e-01
-2.360273081143806628e-01 -2.183004557577274962e-01
5.974783821497355873e-01 -3.217202708709030468e-01
-5.651030785519395305e-01 7.528713226058156849e-01
1.201686356708164816e-02 8.966412702858319594e-01
6.306333890555351207e-01 -5.115676776005326776e-01
-5.426663878951047959e-01 -2.726498014824092486e-01
-9.506398919834435635e-01 -3.604942247357572072e-01
-6.197959018492646965e-01 6.985659776208033023e-01
-3.249345230168476650e-01 -1.785372500403294982e-01
3.488535943494284197e-01 -8.475927110460641511e-01
1.601360570898060498e-01 -5.568176801144837373e-01
-2.612483107023693130e-01 -1.365911252599978365e-01
5.460368495948866308e-01 6.842843652107100105e-01
-7.951702591693983191e-01 -6.464643539563286190e-01
-1.321564737887357399e-01 7.424436827349960577e-01
8.042404147973931661e-01 4.384267208589376352e-02
-7.799413777878250187e-01 4.399351970413576396e-01
-5.815517550485702625e-01 -3.462721396532473239e-01
3.759802130345797355e-01 -8.500753308677433395e-01
-9.233465776111351442e-01 -1.794559538101534457e-01
1.735329701378742762e-01 -1.370800252291048960e-01
-4.167693871408817419e-01 -5.800837987560265585e-01
-3.576194375195171915e-01 -4.805727040693381635e-01
-3.931499445966577522e-01 8.872499883038578172e-01
-3.298306828836685689e-01 -5.905225790560801880e-01
-7.735947548211374869e-01 -1.355137700733077821e-02
4.808571199919926542e-01 5.581825431354907607e-01
2.383684104555194860e-01 -1.430294718684743671e-01
6.821153368536780892e-01 -2.048011739909574302e-01
7.736368463862015599e-01 -3.442594094642708047e-01
-4.716266332672918171e-01 9.117799035213438597e-01
5.090032445455909826e-01 7.322421876388027773e-01
-6.526025564190045536e-01 -6.396012028075761524e-01
9.913977309277322014e-01 -4.295444054872028516e-01
2.696626466282145973e-01 6.299702979411947457e-01
1.322054287050742349e-01 9.278968592899301537e-01
5.532683187365852184e-01 5.428511010491934297e-01
3.581605653015678126e-01 1.267903843557007804e-01
-6.744140459672405274e-01 -8.642098129338853241e-01
-7.857551378076685911e-01 -7.289340952688283526e-01
-1.661500324713744980e-01 9.455163261454040402e-01
1.618432178004438615e-01 9.688554310711392503e-01
-1.125405598207440221e+02 3.427056830928460585e+00
-1.111307145044655584e+02 -1.237464754272933050e+02
3.367428909287580208e+00 -9.365544307806599189e-01
-6.757115687636487955e-01 -4.798089098009705733e-01
7.144760040675692814e-01 -4.523527297127001301e-01
-2.569696512118755383e-01 7.546229890809936780e-01
-8.546281919310402486e+01 -3.003073135970528185e+01
-1.177710832075350851e+02 -2.726693702872939298e+02
7.971879139439340634e+01 -3.890895259513639530e+02
6.949607571473207202e+01 -6.154767726924698223e+01
2.610361994785123230e+01 -9.700599528143651895e-01
6.108047908105955770e-01 -9.890068887673544307e-01
-5.079438740720230161e-01 -5.656489164044542495e-01
1.345540591115717444e+00 -1.684627584019760960e+01
7.701311900445534775e+01 -3.613556249790875654e+02
6.799936477216337494e+01 -1.981370709577314813e+02
7.135815231624953014e+01 -1.259022736951367989e+02
-1.839984663083161820e+02 1.956450882137298564e+01
-5.971992704850872524e-01 5.305893537469783539e-01
7.633820454899795660e-01 5.906099927568113639e-01
-3.146601559222468314e-01 -7.275345084434665655e-01
8.327623870039357712e+01 -9.232784098011075358e-01
3.260533951437000422e+00 3.359260344950295973e+01
-1.895521226856670864e+02 -1.009841549278501844e+02
-1.504425267424627233e-01 -7.733852180476166183e-01
3.853078355130017396e-01 -6.045271688685838196e-01
-7.569085879983732390e-01 3.496044895884913295e-01
-3.049879158192838613e-01 -2.595390156069057319e-01
-5.086085081574749367e-01 4.716390763192253033e-01
-3.012990578741425338e+02 -1.904396815297823196e+02
-1.816769556845843070e-01 5.468661901648186330e-03
-9.493147240763892825e-01 2.743430929360035631e-01
9.869251112256911540e-01 6.187653504899308654e-01
7.392189727557449963e-01 -2.284270717832064257e-01
5.182832881840118144e-01 2.174199202470450398e-01
-1.896085904165678571e-03 9.565532128210285645e-01
-5.846103449257551574e+02 -4.801803980620458105e+02
3.722473290182111327e+01 -1.796123312089423791e+02
-1.020603080533143441e+02 7.639347907606261856e+01
4.296204482171026573e-01 6.760001981971832663e-01
9.663612845923823524e-01 3.792592016881803918e-01
2.683102316511249974e-01 -2.499593174920544669e-04
-3.111267329053821413e+02 -5.767295630487393510e+02
1.819683749605382417e+01 -2.272244573073243714e+02
9.301714314099223202e+01 -1.521376176133639433e+02
7.059052764740204111e+01 -6.426051525639155670e+01
1.932154051409201401e+01 -9.222103396669294284e+01
-2.975002854908339600e-01 -8.100693534303216037e-01
3.232435692349178424e+01 -2.413715738963583988e+02
-3.952811518866425899e+02 2.874158021342933012e+01
9.648704840854585996e+01 7.948743624673771535e+01
7.767640527062710021e+01 9.675930289354052150e+01
-3.361855247196631922e+02 3.708584298394926293e+01
-3.213346944791359192e+02 5.689880282197377959e+00
-4.719118545157384403e+01 2.469629009024532706e+01
4.195025935664921235e+01 -5.113239346469473645e-01
9.505815925298671232e+01 -1.092234299396369153e+02
8.936345411226079705e+01 9.623159669066083666e+01
-4.440565120200550808e+01 3.848159802729165335e+01
-2.601595858383754134e+01 -3.819436854744994889e+02
7.620376698676774030e-01 -7.589437934533933561e-01
8.464968354550372887e-02 -4.807380667006393438e-01
-2.452223786864313748e-01 5.602463693030385272e+00
-6.959292883178916611e+01 5.913299262793766076e+01
4.023075310185434006e+01 4.127650209226253253e+01
-1.945495786743719577e+02 -3.158822994616012920e+02
-5.418187503584350750e-01 4.455855042453549242e-01
-5.689627909878469669e-01 2.034856074173121421e-01
-5.861689416297080069e-01 2.438355099431144257e-01
4.437549995923786295e-01 -2.524316507544792643e-01
-5.960329146677456613e-01 1.161833539750105615e-01
-9.450770156328474059e-01 9.996806881756572949e+00
-2.787353185113194058e+02 -1.946176275897275616e+02
-3.551517859398546051e+01 -1.584533439323316486e+02
-3.953613299004341552e-01 9.987813608288844591e+01
-5.489933047607460370e-01 -9.964643871690952448e-01
6.026232344670827690e-01 -1.861500988871627182e-01
-8.492825243839126070e-01 -8.242283572698267946e-01
-3.139372411907958167e+02 -3.287296920948188017e+01
-2.446174821190037463e+01 2.430304787865041050e+01
6.258491729743202825e+01 9.469602883027089035e+01
-1.923859381193052229e+02 8.763943547621390451e+01
9.630711136464471522e-01 -2.532330652501535440e-02
-1.902215485157965347e-02 9.171356014283826852e-01
-4.339364601674370903e+01 -1.741282767556127453e+02
-7.206348255054612650e+01 2.121050911199747091e+01
8.551616249795287672e+01 9.733682151877574995e+01
-3.889803365593568287e+02 9.570465491966301386e+01
-2.353405196995104802e+02 -1.277509907830634894e+00
-3.721466514512392223e+02 -2.341476194574557042e+02
-1.649988131323969185e+02 1.972055321536353034e+01
-1.626757535279918443e+02 6.063440416074387684e+01
7.751066699687686423e+01 9.721106901480166584e+01
-3.866720839957264957e+02 9.609153934937585007e+01
-2.240870175468076542e-01 -2.332815218655711078e+02
-5.568566719077742846e+02 -1.770261326166709068e+02
6.559729207022668707e-01 4.855997734118797649e-01
2.715880401575059722e+01 -9.637101928768585513e-01
2.677064381189979692e-01 2.604725385461974074e+00
-4.664745455582427667e+02 9.803520700011964095e+01
-3.847298903913335835e+02 -1.061694197871653671e+02
-5.505702268575702192e+02 -1.018613558376645614e+02
4.947290800627761609e-01 -2.179043787782235508e-01
4.866854775776019437e-02 8.643337630387482040e-01
-6.620984031995289509e-01 8.467318262630336712e-01
2.590161818233642776e-01 8.589618682896305035e-01
-2.141213262595568949e+02 7.833952218323568673e+01
-3.863405398661278696e+02 -1.601846325241439501e+02
-3.370227684565013249e+01 1.247877204073503998e+00
3.893286001028264387e-01 4.206443001537949478e-01
-5.236211792635869777e-02 -7.730850896958649798e-01
2.867097120296830948e-01 3.848838226394286632e-01
4.442996077201999405e-01 9.693005376863930156e-01
5.822757577193828915e-01 -5.547798684000335712e-01
-5.935256009351062403e+02 -1.017117206692237232e+02
-5.707265234538964478e+02 -3.577825193933430228e+02
-9.863374386929240245e+01 5.675633422258503913e+01
5.614061880694771745e+00 1.935907883877732161e-01
9.882454444863266740e-01 8.958302736297145685e-01
-2.832108256282859227e-01 2.828665598462309916e-01
-3.873635781950275714e+02 -3.934816171334916390e+01
-4.010382491690504594e+02 -1.918050919067829625e+02
-1.954678697403460319e+02 -3.684144088165903099e+02
-1.244506809225572823e+02 -6.822184384299849853e+02
3.761441621107335376e-01 7.721928507576911738e-01
1.920150066766233232e+00 -7.241478704750934359e-01
-3.867537282765493956e+02 1.870810398852825784e+01
-1.940350616322707822e+02 6.572041438624987464e+00
-4.387615863524774795e+02 7.754134273487822782e+01
-8.470006861449669486e+02 7.629090344919352162e+01
-1.779757181058626543e+02 -2.988606714214820954e+02
-3.830755111505936839e+02 -3.692080519629915898e+02
6.511316852976931635e-01 3.338602339369107774e-01
-1.416168536191981708e+01 6.821560618065150550e+01
-1.013338448662594402e+02 -1.852947644840552641e+02
-1.022861318038820286e+02 -1.448283948751191588e+02
-3.845763927205777009e+02 -9.479663346468349516e+01
-3.813288203928606208e+02 -3.683040663302468829e+02
2.322839388816089201e-01 3.022628785489638314e-01
6.682740471488857192e-01 8.302728747994223557e-01
9.654251504938833328e-01 -3.723072044762802957e-01
9.676367179053202427e-02 -8.387026195625215674e-01
-3.766283197957561697e+02 -3.837824458463287556e+02
-1.975248269438100692e+02 -3.485192265345563101e+02
-8.286720502204476535e-01 -2.655205532182509653e-01
1.564471297208651634e-01 9.318979426196738469e-01
-8.465052933668695267e-01 -2.562036279393427041e-01
-7.079877726775669622e-01 8.170591545850669490e-01
-4.970842753103446032e-01 3.665274237991644757e-01
-7.448279218275923874e-01 5.829250995145742742e-01
-5.656002034066232032e-01 1.925928081728234265e-01
-4.664360558433087167e-01 2.362609232267576242e-01
8.749379243582635635e-01 7.545489997681151806e-01
-4.296309855605446870e-01 -3.301663335546447531e-01
8.152664910770091033e-02 9.740425232911880116e-01
-3.888715071780026733e-01 -9.581232103368193531e-01
3.352551595727306655e-01 9.681317065813752620e-01
-7.851591343225039488e-01 5.013541233201099789e-01
-9.306415759836210722e-01 -4.998027480531312960e-01
8.889731449034599109e-02 -1.284267616845817805e-01
-9.904354794254148775e-01 3.282541083074350663e-01
9.579144562869597035e-01 -4.832529799056493047e-01
4.022740168873775168e-01 -2.601801992768291161e-01
7.797979526603942002e-01 -6.435326282012510113e-02
-2.608487748482137825e-01 2.723192232341282715e-01
8.255958971532240120e-02 6.749150728471717819e-01
9.909444538214584597e-02 -2.459685238453999112e-01
-5.942709284950937754e-01 -2.678133087083656161e-01
-5.386708550554861752e-01 -7.425711123505371880e-01
7.261736659000994631e-01 3.588312959832284932e-02
9.359061929569008065e-01 2.486557523279064874e-02
-8.282505621510367622e-01 -4.135475751431778590e-01
-5.463604388662459677e-01 -7.964428796797493604e-01
8.785153011347894836e-01 6.168963032318424133e-01
-6.896773702024838748e-01 6.314527410567083443e-01
-6.720882384716875269e-01 4.116305848181263105e-01
6.494423527547210639e-01 -6.059221992678867075e-01
-5.948909724565720758e-01 -2.165477501514336822e-01
-7.016306458621437425e-01 8.010254021428135918e-01
4.565839101821911328e-01 -5.844476782832042083e-01
-1.464695182064710277e-01 5.265282225872325306e-01
8.508259269966553795e-01 -8.170352074538753673e-01
6.886128680899064047e-01 -8.759462864789713255e-01
3.033869900565848710e-01 8.211926736554535644e-01
-7.599151806900117379e-01 4.673321312855294174e-02
5.228759219198659824e-01 -8.632021152276214693e-01
-9.743248452907589119e-01 -8.438421115552361407e-01
-9.571921958254072660e-01 -2.513534075611680851e-01
-6.902878743836540210e-01 -8.541072837961767306e-01
7.190455214669388972e-01 2.672410791625887683e-01
8.742807016438525203e-02 -9.935777805377525862e-01
1.145936631777981773e-01 2.423248567398392783e-01
3.753396596191338475e-01 1.391536586684956056e-01
2.601171777291215736e-01 -3.633791506383110548e-01
2.495813546404299643e-01 3.100930409960596101e-01
-4.827323978869852983e-01 -9.203369699907961721e-01
-2.157453392086674526e-01 -1.544764959568059037e-01
-8.783604162233427104e-01 -1.925850667765824920e-01
1.951655821933062640e-02 -1.780895313728148022e-01
-8.925125261933850584e-01 -3.072537869082119233e-01
-9.281659672077622325e-01 -4.715723312928035149e-01
-7.750666400411720947e-01 -9.136763999690540317e-01
-8.997747703269898256e-01 -5.273678000069719207e-01
8.111512174225981031e-01 -1.712259787587799842e-01
4.868998519043945539e-01 1.172837654036806843e-01
1.046473314782234709e-01 7.261080801818895480e-01
-4.533707020757087314e-01 -5.325897421607976856e-01
-7.741696285705521596e-01 -1.672279158949254718e-01
-1.171692175441529926e-02 -9.477142847275965565e-01
5.620021404006538823e-01 -1.141296420244155563e-01
8.405142827025482433e-01 -5.213075088944747471e-01
-8.480889992456199789e-01 -2.808237745168624677e-01
-4.914855287412478457e-01 -9.320240181368599774e-01
2.075279862697376743e-02 -2.101927955360296529e-01
2.826169167169125807e-01 -4.083597136968271091e-01
9.953827772206182978e-01 -6.198643961000269709e-01
-1.421120527056696403e+02 -1.275730216662471435e+02
-1.630540666636027822e+02 -3.302833250168118866e+02
-9.326941230458227761e-01 6.177029407678949724e+01
7.386308286031570969e-01 9.840721802626024584e-01
-9.554293879816855295e-02 1.399363250460110564e-01
8.825965813143494820e-01 -2.214220191420945838e-01
-6.372565190944887714e-01 -3.530402956363854372e+01
-7.006505227199994579e+00 8.117378208113288451e+01
-2.703861928777630510e+02 7.139526275487001783e+01
-1.110087702636157587e+02 5.828857182864713593e+01
-9.032648001938215998e+01 3.249438229575602577e+01
5.841502889994028003e-01 -7.506645147946300334e-01
6.670745793219501341e-01 -2.407242196885182040e-01
2.894209890325425416e-01 5.551842170747962601e-01
1.048988921936046204e+01 -1.381282893455804128e-02
5.165991040753226571e+01 -1.569391421692744188e+02
2.121551123351360957e+01 -7.544466943688823424e-01
1.347953617084297839e+01 -7.282919331612698333e-01
-1.298082649319611814e-01 -8.622387025931985693e-01
7.531554926489181234e-02 -5.978499828052254994e-01
-9.934634656965184440e-01 9.681749176628078324e-01
-9.727317579413865545e-01 4.423948438038973752e-01
-7.619910832924683408e-01 3.602441115611487721e-01
-1.447983788031389167e+02 5.396995476200789454e+00
7.706289004938911003e-01 -3.659296467296275779e-01
-6.225955536193761297e-02 -3.038435276219317860e-01
-3.127565593921532994e-02 6.687422631166344278e-01
-9.425223371795932170e-01 -9.561846348611224844e-01
-1.776441997064663880e-01 -1.436781255192238760e-01
-3.023180411976553739e-01 -3.360052876261561128e-01
4.124962049603531078e-02 1.465671421143810438e-01
-3.542507747632228643e-01 9.439484308826882053e-01
-3.080834833905763404e-01 -6.077665505933098622e-01
6.697765159091522147e-01 4.063003921396346474e-01
4.924256286675203764e-01 -2.525456477399266042e-01
2.588316032047628390e-01 8.227884549525805724e-01
-4.088338445663997618e+02 1.100565774032506816e+01
1.442870198762756395e+01 -3.879386650808453396e+02
-1.718658946659944888e+02 -4.354042448398307563e+00
4.870867481282514788e-02 -4.032084686461099299e-01
4.295035084700205452e+00 -6.393977595801152436e-01
-9.204796968184183470e-01 -4.977433381901974485e-02
-4.768846571166457693e+02 -4.928328507529985814e+01
-3.339213816006316620e+02 1.921418726178169223e+01
-3.602455798773148103e+02 9.632400059676342607e+01
-1.905147445187026278e+02 8.107627200802801326e+01
-1.732973742002716335e+02 2.320347709840491035e+01
-7.255340669036423051e-01 -6.916275368495889975e-01
-1.023104321240564332e+02 2.420484703395001702e+01
5.089007309245792499e+01 -1.115534089884917677e+02
5.941526059667667425e+01 9.667707336093957338e+01
-7.926534840746750632e+00 -1.559417661106474213e+02
-2.424164863475039340e+02 2.095739109753142060e+01
-3.776788206796022109e+02 -2.397098786720206931e+02
4.014745791698217658e-01 -9.114076991001041073e-01
-1.217633035550373943e-01 -1.370225555993953570e-02
-2.063875393052125418e+01 8.227449580487308367e+01
-7.023395722043657088e+02 -4.763198043448889507e+01
-2.680538179777954042e+02 -9.265730954414409526e-01
-3.825962182615321012e+02 -2.206618809866523918e+02
-7.114719219179317378e-01 2.134502542048541951e-01
3.000209066693142468e-01 8.250769285349788262e-01
6.160834723660135737e-03 2.160269982502109887e-01
-9.607424860207061101e-01 9.991035820915239452e-01
-1.163315841490430991e-01 6.630020846666173640e-02
6.204405224263520591e-01 -2.316462273995978762e+02
-7.473719725570047157e-01 -2.637527403085235811e-01
-9.889116975227327799e-01 -5.231892930904820105e-01
-2.686706213636849139e-01 4.045040407900808432e-01
-6.263903226798790413e-01 5.441745287863155589e-01
-3.848714544229114853e-01 1.468602911339473849e-01
-8.822005670594110782e-01 6.998396433420939200e-01
-6.717258915314050682e+02 2.261886023645817190e+01
-5.320362287015591392e+02 1.591003371740488781e+00
-5.018183254464905758e+02 8.413810287891814710e+01
7.626861749858293571e-01 -5.133742982584779124e-01
-8.027539221908741585e-01 3.678917100233548787e+00
-5.060951702496718774e-01 4.264074908862025559e-01
-4.463969760006185084e+02 -4.608713921374702238e+01
-4.095377546446422912e+02 4.663240854670109314e+01
-4.840807168178801589e+02 9.610852572178700370e+01
-1.905147445187026278e+02 9.552119788895775798e+01
9.594848770332726318e+00 -5.233811578749875082e+01
2.265540181885916660e-01 3.347330106454027288e-01
-2.273775357626546167e+02 -4.450636705028406936e+01
-3.765615039288058483e+02 -1.542408537475009780e+02
-6.614563079282416425e+01 9.677651892277286549e+01
-6.273613908284817171e+02 8.318975860090517926e+01
-5.782565868855647295e+02 1.149460858111415185e+01
-3.864545033594764050e+02 1.630424788095961830e+01
4.857485875796045072e+00 -4.223820880489912444e-01
-1.204013945104960293e-01 1.243418227528633935e+01
2.045226094253072890e+00 -3.025310954714934155e+02
-7.202927375916266328e+02 -5.695947442261833658e+02
-3.671726234425680104e+02 7.622406208556209428e+00
-3.765628644872354016e+02 -1.721460541258731212e+02
-7.689881462115180089e-01 7.039795763313223542e-01
1.429973413570319485e+00 -4.503551308107911488e-01
-8.260435362117277691e-01 -6.149357931947121436e-01
-1.958561974261289151e+02 3.986180629257827235e+01
-8.513275742011090497e-01 -2.585037398306382350e-01
1.216132043641209970e+00 -1.898355862748431662e+02
-6.509170004655329134e-01 -1.975403010543819171e-01
8.681243564151990277e-01 -1.627800059040398484e-01
4.642759942199259360e-01 9.154391844213127793e-01
-5.094342330415395637e-01 9.458019115406590682e-01
-1.040336775309302908e-02 -3.142007948554148555e-02
9.075048482474410427e-01 6.163643349305749641e-01
-2.191849097934635324e+02 -4.632236439919975055e+02
-8.802272617825495900e+02 -4.218042148924346861e+02
9.426996073265383469e-01 8.715075597345367520e-01
-6.661778070019863662e-02 -2.992051487122999731e-01
-7.314580463609772210e-01 -6.896767584647682803e-01
-3.171468749028019118e-01 8.092333951608561282e-01
-7.776203692472967077e+02 1.319876905867508299e+01
-6.016756780054678302e+02 -1.837478450366353968e+02
-7.598464700959391394e+02 -2.017115184712734504e+02
-4.912256655773845750e+02 -1.943859381193052229e+02
-6.322645450756061436e-01 -9.925090720912383979e-01
1.713129068828744828e-02 9.927321076845962988e-01
-3.760899609223121161e+02 -6.395051310382865495e+01
-2.411367253670254627e+02 -1.703404421315464390e+02
-7.828118862727429814e+02 -2.447015607282212386e+02
-9.410879354010901352e+02 -9.056300796551151961e+02
-3.963024410409823304e+02 -5.825038592723254851e+02
-7.785042207416402107e+02 -1.930015685030826376e+02
6.406429414109684473e-01 -8.655049312777274295e-02
-1.966474981002523066e+02 2.625842424410588194e+01
-9.777171676687158808e+00 -3.869652128061961776e+02
-1.076821569462371372e+03 -6.924397571108809188e+02
-5.850046280482475822e+02 -1.046559511164989118e+02
-5.767211091446625915e+02 -1.710142084143908221e+02
6.740554628101036450e-01 8.493919074230427135e-01
-5.775763367932265080e-01 1.427532269016777100e+00
1.434061113897533435e-01 4.529749603488099297e+00
-3.890720060949565209e+02 8.424900071473990693e+01
-3.795059466511636970e+02 9.136284670059875879e+00
-1.644032683302469025e+02 -3.945495786743719577e+02
-6.282617218882236010e-02 3.701279537058235203e-01
-1.354260936380380365e-02 6.398585744107001538e-01
4.154499249780922998e-01 -9.766823476350956490e-01
-8.977816080954699185e-01 3.276451604652965699e-01
1.426051256459650585e-01 -8.874798621728889891e-01
-1.936485105245589580e+02 -7.593949528254622106e-01
-7.009000411822556842e-01 8.008625959516475490e-01
5.963289608926995999e-01 -5.899178622001566286e-01
-3.327073603158292592e-02 -2.063201164955739131e-01
-8.766347756355741261e-01 5.385598639542135135e-01
7.856452475768673782e-01 1.922388926513551866e-01
8.154240647225790006e-01 5.652553777353919173e-02
-7.859489908055183882e-02 -6.645021836089906042e-01
8.665561977367621793e-01 -5.766497453059193923e-02
-9.139527293995626245e-01 2.168321221046327629e-01
3.082402091888210016e-01 1.126260498564402024e-01
1.184328250125075144e-01 -1.615437829417623039e-01
-2.774444683368912923e-01 -1.481848568437682534e-01
6.044843043351253442e-01 -2.929542508840521364e-02
2.870945023506557003e-01 6.277180959449446540e-01
3.936071964794956024e-01 -4.318499128962680622e-01
4.580873274319461341e-01 -9.452544766296946399e-01
6.170709240035578969e-01 -9.698332163904670455e-01
-4.949541214247168419e-01 2.703604043210239283e-02
6.588999210406070173e-01 4.381811316853025939e-01
5.473230593668358956e-01 -5.751739898111463134e-01
6.457511722576125823e-01 -9.753203976754651894e-01
4.939163112092308516e-01 -6.554399795181848898e-01
-9.175524902919063308e-03 -9.167125640325066716e-01
-6.430225252139534220e-01 -6.440678720561523463e-01
9.878114778188340495e-01 1.679180377963254145e-01
-2.749037411765968830e-01 -9.963959500793608814e-01
4.448430802618537072e-01 3.313185530760962560e-01
7.347274879666314540e-01 -2.397577824752454845e-01
-2.173095999889376184e-01 5.189282280863056762e-01
-4.670195477969996123e-01 5.233620807827825683e-01
5.843244044687605498e-01 -8.973527939476586557e-01
-1.679221430882826827e-01 8.496304019241329719e-01
1.092980681526538600e-01 -4.571121580848445110e-01
-7.522000484819857391e-01 -2.556853468974451538e-01
6.871521785447782804e-01 5.188998907697079943e-01
7.719483970132101636e-01 -8.239261663540102809e-01
-1.466482989278652393e-01 -4.578165600699168891e-01
9.991760677123096013e-01 -8.059867363328574452e-01
7.707338937295262760e-01 3.998012756680695556e-01
6.029404763667309819e-01 5.344685092184111586e-01
-1.390836878724430736e-01 9.711687553022607666e-02
-7.656275173301292369e-01 7.232121402464883886e-01
-1.655442847979025078e-01 -8.359892045029093666e-02
-4.403438591855712847e-01 8.301378551266913597e-02
2.760072463903207041e-01 -5.495843108550881873e-01
2.316480761023094193e-01 -4.508899674315094419e-01
6.429220694420401117e-02 -7.217576723840801733e-01
-5.578369007980015226e-01 -8.216222919947901993e-02
1.310467446739551622e-01 -6.025770778824997009e-01
9.018043761809109160e-01 5.472164330649900155e-01
2.337522334452919459e-01 1.360810234693765608e-02
-2.001125991700622997e-01 -3.441025388613077052e-01
1.713584198543054438e-01 9.402256681354836942e-01
-7.880486842635654465e-01 -4.179341987475297948e-01
9.628489375852127274e-01 -7.020792010255252347e-01
-7.087551255600810229e-02 5.372413011701318020e-01
8.944962232028661475e-01 5.489462333983241571e-01
9.190842130325886927e-01 6.547349147499614830e-02
5.566259721466670918e-02 -9.613522196319410629e-01
2.381983831360334758e-01 -2.951498978351096980e-01
-1.019881564940721130e-01 -7.669580587421134243e-01
-1.701081142460272311e-01 -8.554089883622864043e-01
-2.730080025251346854e-02 -6.197043426598241034e-01
8.898487023583570021e-01 -1.680267125032728348e-01
-3.371436564501941735e-01 -6.759761714503123020e-01
-4.787329477113031473e-01 -9.370413444309364515e-01
-9.212671788761572778e-02 8.966195428680134860e-01
9.166264276687183798e-01 -2.662474306719633255e-01
-7.589781896796932159e-01 9.368066656250482183e-01
2.263263417308407632e-01 -9.335600072032135266e-01
-7.105594336293956648e-01 -3.183776094880843566e-01
-5.387630701826906510e-02 -5.144104564271545499e-01
1.386999031205404798e-02 -1.450895750596190581e-01
9.668281388988828606e-01 -5.844336916478196642e-01
5.266813701236812140e-01 1.833254232583543253e-01
-6.921744435573191634e-01 -1.625585450003619314e-01
-2.521147883504548659e-03 -3.674400059870288615e-01
5.954770796880088923e-01 6.612085859967449242e-01
1.421512714018959844e-01 -7.109416034118889449e-01
-8.043771653787479270e-01 4.612800791541848966e-02
-9.007556198175472595e-01 2.656021076490191479e-01
3.480674430425663157e-01 -3.194722093693047604e-02
2.678163160738844528e-01 -9.698058749032605341e-01
-1.910480165872161518e-01 5.162710257875831044e-01
6.651941128957972182e-02 6.564783047689817241e-01
-6.270118998287983469e-01 -6.433306546496389000e-01
5.093829591437781801e-01 5.973423735701406390e-01
-6.977570268302499823e-01 -2.810011317997400671e-01
9.311013556198410868e-02 1.031422016699710120e-01
-9.801928541782818360e-01 -1.820737957779690053e-01
-6.408736620910335802e-01 -6.633023026387685483e-02
4.490738654735400015e-01 3.922614474050662992e-01
-9.840207974670340807e-01 -2.290194447078262030e-01
-4.126457493680368849e-02 4.351152323508920006e-01
-3.419918119698956982e-01 -8.887796852177332063e-01
3.544156537604643553e-01 -1.634384063791138875e-01
9.547222349579180811e-01 -6.594229466188190614e-01
4.769882058168715133e-01 4.990115654826337011e-01
1.463523586792701003e-01 5.717617150849256813e-01
4.589175057423175996e-01 4.257510850145866943e-01
9.374704950756829192e-01 -4.261819707690721604e-01
7.096798645135005135e-01 6.508912857968940369e-01
-4.028068762296868055e-01 4.730986992775605415e-01
3.799044164301308424e-01 3.740117297075935543e-01
-6.086351613001110827e-01 -8.797839567649052839e-01
3.115171007625661126e-01 -9.513580341156973041e-01
-5.463471931771173296e-01 3.833200784804764449e-01
7.493648224348889997e-01 4.745976378570861964e-01
-2.915393226043979098e+02 -2.085089201309527596e+02
-2.185861727435103319e+02 7.686082913332505484e+01
-3.306819119155924227e+02 3.809448842168722393e+01
-6.135859422029645849e-01 -1.938102618553639331e+02
-6.958450422082513853e-01 6.419826089543053449e+00
5.723252054910927811e-01 -6.784792524927865109e-01
7.571632912760786205e-01 8.557142215677047137e-01
-1.572440825279623198e+02 2.210579055759931322e+01
-1.929309012831772918e+02 -3.985238321236188312e+02
-3.640054629417465435e+02 -8.822553509916497205e+01
-1.934044376491913226e+02 3.982573387727343484e+00
-9.817794687225216421e-01 3.923363741644475766e+00
5.302576749978535897e-01 -9.058720028944660108e-01
9.221329111954930102e-01 2.241468093499050518e-01
-4.669408726979190405e+00 5.418042300084766083e+01
-2.766233975021383458e+02 8.160085861973534804e+01
2.369054417377050914e+00 -1.174250087706318890e-01
-1.932169668296087934e+02 -3.391284385496735467e+02
4.096978935923212273e-01 7.056593379442290814e-01
-9.794695178678105574e-01 1.573804710294788300e-01
-5.553819198756380082e-01 -5.881997783038528382e-02
-7.452938338114083461e-01 -6.599077678887110832e-01
-8.592744684553792478e-01 4.446400030557677852e-01
-3.742472839135994036e+02 4.191292643621569169e+00
-7.155635263749020591e-01 5.784609777951985610e-01
2.640031379014196045e-01 8.715877712219934903e-01
3.541532268365255032e-01 -4.965603592628675678e-02
3.778933609320076492e-01 -1.778054417769925344e-02
8.517932358957436279e-01 9.270823058600179412e-01
-3.283905887548212998e-01 -6.445935205623871678e-01
8.120410394538213339e-01 -6.571008845395809317e-01
5.772284446388358248e-01 8.664529350215668391e-01
5.843080869937891109e-01 5.270906191786672856e-02
-9.573899157361078771e-01 -1.396874235760292571e-02
-3.261478400421304880e-01 -5.369420617551412533e-01
-1.454357264123506965e-01 -6.516710538019987453e-01
-6.389330062406122579e+02 -1.959756476865736659e+02
-6.802272617825495900e+02 4.525264653711181495e+01
-7.174587077503981618e+02 7.539066488991522874e+01
-3.918102618553639331e+02 -5.918102618553639331e+02
-1.999778579281195903e+02 -1.969780793488384063e+02
-5.744827376049672640e-01 -9.297524507968057961e-01
-5.303337761662850198e+02 9.174472049034866572e+00
-8.704249891647241384e+02 1.616863328438020986e+01
-7.026997916662513717e+02 -2.247702544008990060e+02
-3.897980384006147005e+02 -7.659621872885198854e+02
-1.875656893399724083e+02 -3.809847473001977392e+02
-3.963315002137296119e+02 -5.460445245889944772e+02
-8.247840815467419873e-01 -6.739118075750669679e-01
-2.401359225962744404e+02 -9.847822478041250438e-01
-6.751450221371546832e+02 -1.809957736693750263e+00
-8.596793052931730017e+02 7.997689478220161163e+01
-3.932267450808116678e+02 -5.803248087427303972e+02
-1.697188666286840828e+02 -5.825690080571702083e+02
3.495967070713661418e-01 -2.970947433440636054e-01
-3.237384413250277149e-03 3.015936742196478892e-01
-3.973115732619523754e+01 -2.046724253458177998e+02
-6.787594072476001994e-01 -2.407572843248627237e+02
-3.877719405764131011e+02 -4.070587850534568588e+02
-5.701430386409377888e+02 -3.551616432904749558e+02
7.574831501589724958e-01 -8.070301670949038275e-01
1.822162157053355269e-01 8.119511817740066029e-02
-4.296319070001211049e-01 1.101917065942643603e-01
7.572217599494237561e-01 -8.543667509044350350e-01
-1.133225082117288451e-01 -9.856462349368386722e-01
3.431896229724296088e-01 -9.929406853647047004e-01
-8.593443942955367731e-01 -9.644316947316859956e-01
1.114765206895431682e-01 -9.113093689503657391e-01
5.593084855179308867e-01 -3.789425690146674963e-01
3.198800512045061328e-01 1.569078231762892628e-01
6.197117387468495942e-01 8.075114023920579864e-01
-6.850721281040459409e-01 -4.808412341602574802e-01
-8.640086326160910630e+02 -8.389330062406122579e+02
-9.174587077503981618e+02 -7.945842586906290990e+02
-9.174587077503981618e+02 -8.751450221371546832e+02
-5.918102618553639331e+02 -4.912256655773845750e+02
-9.877352809288819646e-01 -1.984907196728785266e+02
-4.800532238236454585e-01 2.646017340620647751e-01
-6.037247987876878597e+02 -5.935256009351062403e+02
-8.802272617825495900e+02 -6.016002613036657749e+02
-8.751450221371546832e+02 -7.484534393202565070e+02
-5.850428234585374412e+02 -6.658997333815481170e+02
-1.999778579281195903e+02 -3.963681188375669535e+02
-1.993247476906359736e+02 -3.961787543733422581e+02
-6.078370582147862251e+02 -1.884721715914508877e+02
2.321681504596104784e-01 -8.962063536633160243e-01
-6.751450221371546832e+02 -1.507937701582831380e+02
-1.059679305293173002e+03 -7.524570375993337166e+02
-7.803248087427303972e+02 -7.782565868855647295e+02
-7.739902667302128521e+02 -7.460445245889944772e+02
-8.358989842549102711e-02 9.458251577597556192e-01
5.508283429581606327e-02 3.595833501172629454e-01
-6.347893742023158481e-02 -1.888315347958060499e+02
-9.949720521561825990e+02 -5.747092800894140510e+02
-5.776431243356587402e+02 -3.920558685715517413e+02
-3.920652206803272293e+02 -3.835101764672170930e+02
9.680905492076563590e-02 5.587201884573003152e-01
-9.450049343218991371e-01 4.281137292776582282e-01
-1.705889002013443179e-01 4.459442602179521931e-01
-8.549097163166947677e-01 -5.356635634415518599e-01
8.634517925384450621e-01 9.999780650070984045e-01
-5.291131334539878051e-01 3.748930299141395306e-01
1.399838378106639247e-01 -1.188844800894561793e-02
3.689540816144998292e-01 7.675991362821816821e-01
1.600544473304084114e-01 6.347652724429779791e-01
-2.932398800741142786e-02 5.999557382017521867e-01
5.218348196838953346e-01 -7.878552157084848240e-01
5.136962952631785040e-01 -2.016966265173569806e-01
2.003498433045576288e-01 -5.388876261832642456e-02
8.795010474780260434e-01 -5.772975217086870892e-01
-5.331240657306570707e-01 3.746659012591559978e-01
-1.123289642649520914e-01 -9.523609655646920746e-01
-1.268804325535037858e-01 -2.823888600041923880e-01
-6.798147261299749555e-01 6.628518720874974068e-01
-2.731507214536710304e-01 8.713073551227168423e-01
3.026230687397890584e-01 -4.393100874285347235e-01
1.032654548108034032e-01 -5.435583871064189054e-01
-2.410687323049773845e-01 -1.114992033790489501e-01
5.701951324467198212e-01 -5.066767275939754178e-01
-6.318433135560037606e-01 1.767489301399156609e-01
-4.643575326336635278e-02 6.667004970492791394e-01
8.823342029751131133e-01 9.334124895666051636e-02
1.654136468935085702e-03 9.986167622133834687e-01
1.488708817441846133e-01 8.162495299448708774e-01
-8.084215371700957942e-01 9.019807348256609902e-01
3.947837785692409618e-01 -5.789180820105996883e-01
8.062628408596284046e-01 -8.353221662054854946e-02
1.915220644573925046e-01 7.396733531961792174e-01
9.888735964334762762e-01 7.660573631778866410e-01
6.759339137972699696e-01 -7.844258889117436961e-01
-3.303565253292362058e-01 5.009047715575583037e-01
-6.492193175703180330e-01 -4.972779745224535919e-01
9.169641480047021620e-01 8.245426072284429697e-01
-9.168317426947321103e-01 9.805598889003284135e-01
4.042702455989162225e-01 -1.699362542372482299e-01
7.418335065156926866e-01 6.428055918192188134e-01
-9.117091411633400089e-01 -7.645065556734604861e-01
-2.217295958718867865e-01 3.418356445163155399e-01
7.866157776261784029e-01 8.900698482589990412e-01
-2.879322669904800236e-01 1.652214723331775215e-01
-5.030487074513032564e-01 -2.427817524915123482e-01
-1.279766538925672936e-01 -4.586230599973490918e-01
-5.089315485363565816e-01 -7.482702214719625378e-01
-9.642537365770416091e-01 5.347639595647599720e-01
